514	141	1011	564
