chartered
chartered
chartered
chartered
trainer
trainer
trainer
trainer
car
car
trainer
trainer
trainer
trainer
trainer
