465	148	554	262
511	183	599	290
565	206	657	311
629	243	710	337
