782	26	884	90
461	120	598	220
454	260	607	355
376	594	480	701
