270	154	729	660
