174	275	499	568
