car
car
boat
boat
boat
boat
boat
boat
boat
boat
boat
boat
boat
boat
boat
boat
boat
boat
boat
boat
